2.019010731647568946e+00 1.552057266235351562e-02
3.989882527543870516e+00 4.620244260877370834e-03
6.049784481290428673e+00 2.006425056606531143e-03
8.035240023782639796e+00 1.917956979013979435e-03
1.008337722871242725e+01 1.200398895889520645e-03
1.195532496135348310e+01 1.848275423981249332e-04
1.390911482369286212e+01 -7.077030604705214500e-04
1.587889716135880391e+01 -1.448414870537817478e-03
1.812763632028640970e+01 2.415045164525508881e-04
1.992633817782802197e+01 2.710094304347876459e-05
2.190351495152311401e+01 -3.066814315388910472e-05
2.407687568835043024e+01 5.496312587638385594e-05
2.596983462005830035e+01 -1.328240847215056419e-03
2.801162073198317515e+01 9.492514654994010925e-04
3.021393503316458151e+01 4.542004317045211792e-04
3.197857308421117040e+01 -8.373948512598872185e-04
3.384627442204193670e+01 -6.470023654401302338e-04
3.582305843464212103e+01 -1.292729517444968224e-03
3.791529607099258214e+01 -2.620661916807875969e-06
4.012973037391044073e+01 -1.496615732321515679e-04
4.167741443365054721e+01 -9.327436418971046805e-05
4.411157440977185473e+01 -9.060698794201016426e-04
4.581282632270342248e+01 -7.302331505343317986e-04
4.757969044988895746e+01 -3.965137002523988485e-04
5.035857152356346944e+01 -5.613901885226368904e-04
5.230075149068758833e+01 4.540768568404018879e-04
5.431783554882498066e+01 -1.086370670236647129e-03
5.641271252545065096e+01 -2.909793402068316936e-04
5.749025646502590803e+01 8.394143660552799702e-04
5.970748425829159345e+01 2.134726673830300570e-04
6.201022391721086535e+01 7.540116203017532825e-04
6.440177337950120773e+01 1.196170924231410027e-04
6.563191703855099490e+01 1.995207509025931358e-03
6.816314440699575528e+01 1.146137248724699020e-03
6.946513432859391912e+01 -7.900290074758231640e-04
7.214419745975231990e+01 -1.654866791795939207e-04
7.352222980863477630e+01 -2.553300466388463974e-03
7.635776301683570466e+01 1.037231995724141598e-03
7.781627903379190059e+01 2.115018432959914207e-03
7.930265428715934206e+01 5.841177189722657204e-04
8.236112123402703844e+01 2.400994271738454700e-04
8.393430789833271888e+01 2.318573388038203120e-04
8.553754413267419920e+01 9.861951693892478943e-04
8.717140391640171515e+01 -5.049639817400475295e-09
