2.019010731647568946e+00 1.539979595690965652e-02
3.989882527543870516e+00 4.892748780548572540e-03
6.049784481290428673e+00 2.064714906737208366e-03
8.035240023782639796e+00 1.386729301884770393e-03
1.008337722871242725e+01 8.820324437692761421e-04
1.195532496135348310e+01 6.256778724491596222e-04
1.390911482369286212e+01 -2.385780680924654007e-04
1.587889716135880391e+01 -3.018477582372725010e-04
1.812763632028640970e+01 4.774010158143937588e-04
1.992633817782802197e+01 -4.447033643373288214e-05
2.190351495152311401e+01 1.530435256427153945e-04
2.407687568835043024e+01 8.244586933869868517e-05
2.596983462005830035e+01 8.669155795359984040e-05
2.801162073198317515e+01 9.508826769888401031e-04
3.021393503316458151e+01 6.825639866292476654e-04
3.197857308421117040e+01 -2.447000006213784218e-04
3.384627442204193670e+01 -6.911853561177849770e-04
3.582305843464212103e+01 -4.293046367820352316e-04
3.791529607099258214e+01 -9.304358536610379815e-05
4.012973037391044073e+01 4.382987972348928452e-04
4.167741443365054721e+01 -3.930677776224911213e-04
4.411157440977185473e+01 2.855369530152529478e-04
4.581282632270342248e+01 -1.633846695767715573e-04
4.757969044988895746e+01 1.852666609920561314e-04
5.035857152356346944e+01 3.637262270785868168e-04
5.230075149068758833e+01 -5.873461486771702766e-04
5.431783554882498066e+01 1.925542892422527075e-04
5.641271252545065096e+01 2.551337820477783680e-04
5.749025646502590803e+01 4.740936565212905407e-04
5.970748425829159345e+01 -1.020050694933161139e-04
6.201022391721086535e+01 6.522220792248845100e-04
6.440177337950120773e+01 4.872347635682672262e-04
6.563191703855099490e+01 5.733013385906815529e-04
6.816314440699575528e+01 1.007969607599079609e-03
6.946513432859391912e+01 1.830917317420244217e-04
7.214419745975231990e+01 2.192743122577667236e-04
7.352222980863477630e+01 -6.826038006693124771e-04
7.635776301683570466e+01 -6.131878471933305264e-04
7.781627903379190059e+01 -1.051382787409238517e-05
7.930265428715934206e+01 2.177030983148142695e-04
8.236112123402703844e+01 9.016863186843693256e-04
8.393430789833271888e+01 -7.212797645479440689e-04
8.553754413267419920e+01 1.833742426242679358e-04
8.717140391640171515e+01 -1.001523530774761639e-09
