2.019010731647568946e+00 1.448614336550235748e-02
3.989882527543870516e+00 4.952740389853715897e-03
6.049784481290428673e+00 1.991167897358536720e-03
8.035240023782639796e+00 1.811790978536009789e-03
1.008337722871242725e+01 2.200623042881488800e-03
1.195532496135348310e+01 2.602431224659085274e-03
1.390911482369286212e+01 -1.198978046886622906e-03
1.587889716135880391e+01 -2.442018128931522369e-03
1.812763632028640970e+01 1.207155408337712288e-03
1.992633817782802197e+01 8.088369213510304689e-05
2.190351495152311401e+01 6.064458866603672504e-04
2.407687568835043024e+01 -2.800731686875224113e-03
2.596983462005830035e+01 -1.097790664061903954e-03
2.801162073198317515e+01 2.100167796015739441e-03
3.021393503316458151e+01 5.575314280577003956e-04
3.197857308421117040e+01 2.099433913826942444e-03
3.384627442204193670e+01 -9.522241307422518730e-04
3.582305843464212103e+01 -3.320549731142818928e-04
3.791529607099258214e+01 1.598607399500906467e-03
4.012973037391044073e+01 4.110955167561769485e-03
4.167741443365054721e+01 5.476952064782381058e-04
4.411157440977185473e+01 1.083013048628345132e-04
4.581282632270342248e+01 5.368826678022742271e-04
4.757969044988895746e+01 -1.217454206198453903e-03
5.035857152356346944e+01 -2.199190203100442886e-04
5.230075149068758833e+01 7.009276887401938438e-04
5.431783554882498066e+01 2.595768077298998833e-03
5.641271252545065096e+01 2.068242058157920837e-03
5.749025646502590803e+01 1.316629699431359768e-03
5.970748425829159345e+01 -2.279833890497684479e-03
6.201022391721086535e+01 2.337254118174314499e-03
6.440177337950120773e+01 7.726181065663695335e-04
6.563191703855099490e+01 -5.388023564592003822e-04
6.816314440699575528e+01 -5.431687459349632263e-04
6.946513432859391912e+01 -1.000690041109919548e-03
7.214419745975231990e+01 1.034940360113978386e-03
7.352222980863477630e+01 2.587189199402928352e-03
7.635776301683570466e+01 2.489838050678372383e-03
7.781627903379190059e+01 4.355866112746298313e-04
7.930265428715934206e+01 3.165542380884289742e-03
8.236112123402703844e+01 -1.064204610884189606e-03
8.393430789833271888e+01 -2.223591320216655731e-03
8.553754413267419920e+01 -5.595326889306306839e-03
8.717140391640171515e+01 -6.167043320459697497e-09
