1.119730601267376915e+04 2.433313295862803427e-01
2.210276147912290617e+04 2.290883847176798105e-01
3.354853800034859887e+04 2.123868019337572799e-01
4.430896853362041293e+04 2.142422487355256921e-01
5.586931431507976231e+04 1.860998708464487172e-01
6.622265503467577219e+04 1.901200378918253830e-01
7.729078581261770159e+04 1.919016045127653614e-01
8.882531236505339621e+04 1.885449053174866607e-01
1.005156419487796084e+05 1.725549914288947717e-01
1.102824310517780686e+05 1.786400655139551708e-01
1.228828074393096176e+05 1.740944094886385241e-01
1.327552460318494122e+05 1.696492697824698304e-01
1.434208390598592814e+05 1.631613415199353878e-01
1.549433087691254623e+05 1.589226574354703214e-01
1.673914968682100880e+05 1.539702005120403561e-01
1.780663458857692021e+05 1.476893035906836349e-01
1.894219487270266400e+05 1.383990493818058887e-01
2.015017182559700450e+05 1.328450894532786641e-01
2.110644517735874397e+05 1.336413678125898397e-01
2.210810070904454915e+05 1.254441944884416016e-01
2.315729213773837255e+05 1.196749796189853915e-01
2.425627539018638199e+05 1.137129711168838320e-01
