1.119730601267376915e+04 3.324002937961256787e-01
2.210276147912290617e+04 1.891726027578275737e-01
3.354853800034859887e+04 2.596556132990489041e-01
4.430896853362041293e+04 1.871648536760508186e-01
5.586931431507976231e+04 1.580897304514580215e-01
6.622265503467577219e+04 1.530975095774569084e-01
7.729078581261770159e+04 1.902910461863445424e-01
8.882531236505339621e+04 1.635783393713376721e-01
1.005156419487796084e+05 1.337861930720992132e-01
1.102824310517780686e+05 1.048793465987210433e-01
1.228828074393096176e+05 2.828752622195143673e-01
1.327552460318494122e+05 5.105692972072829461e-01
1.434208390598592814e+05 7.291790432492680774e-01
1.549433087691254623e+05 9.745325759793463938e-01
1.673914968682100880e+05 1.207311252382347933e+00
1.780663458857692021e+05 1.412334343910497170e+00
1.894219487270266400e+05 1.637441161205474449e+00
2.015017182559700450e+05 1.854165756119294128e+00
2.110644517735874397e+05 2.082074461519610065e+00
2.210810070904454915e+05 2.296529363241768262e+00
2.315729213773837255e+05 2.539593712462538289e+00
2.425627539018638199e+05 2.791898745473158971e+00
