1.119730601267376915e+04 2.349928072069167040e-01
2.210276147912290617e+04 2.154956449407003649e-01
3.354853800034859887e+04 1.964453523363707266e-01
4.430896853362041293e+04 2.018450806832955413e-01
5.586931431507976231e+04 2.309609284616710445e-01
6.622265503467577219e+04 1.787114753507044185e-01
7.729078581261770159e+04 1.533292933751353171e-01
8.882531236505339621e+04 1.816068710511505035e-01
1.005156419487796084e+05 1.585075155306214512e-01
1.102824310517780686e+05 1.989436114225347774e-01
1.228828074393096176e+05 1.468059033358057597e-01
1.327552460318494122e+05 1.126799781373450382e-01
1.434208390598592814e+05 7.324164147554199089e-02
1.549433087691254623e+05 4.112923616282571082e-02
1.673914968682100880e+05 1.310071093598740022e-02
1.780663458857692021e+05 -1.830098918416314321e-02
1.894219487270266400e+05 -4.652918086636489287e-02
2.015017182559700450e+05 -8.952599927913923450e-02
2.110644517735874397e+05 -1.205934228785718459e-01
2.210810070904454915e+05 -1.467197379733196361e-01
2.315729213773837255e+05 -1.859902758338200790e-01
2.425627539018638199e+05 -2.228724041070512252e-01
