1.119730601267376915e+04 2.384996006159590121e-01
2.210276147912290617e+04 2.331955119114297315e-01
3.354853800034859887e+04 2.158183680929360859e-01
4.430896853362041293e+04 2.093746184437716706e-01
5.586931431507976231e+04 1.999958031831010896e-01
6.622265503467577219e+04 1.899245199808942963e-01
7.729078581261770159e+04 1.843747139934872326e-01
8.882531236505339621e+04 1.855300878357449557e-01
1.005156419487796084e+05 1.786542025539260836e-01
1.102824310517780686e+05 1.850704719855582325e-01
1.228828074393096176e+05 1.796275031633224606e-01
1.327552460318494122e+05 1.836870591467503477e-01
1.434208390598592814e+05 1.885283952928943629e-01
1.549433087691254623e+05 1.926769100577465921e-01
1.673914968682100880e+05 1.977791816927317592e-01
1.780663458857692021e+05 2.033941999004394985e-01
1.894219487270266400e+05 2.062769185531270477e-01
2.015017182559700450e+05 2.116633937320272218e-01
2.110644517735874397e+05 2.168902772522950106e-01
2.210810070904454915e+05 2.240829592997735376e-01
2.315729213773837255e+05 2.275750966636078676e-01
2.425627539018638199e+05 2.333429201555107524e-01
