1.119730601267376915e+04 2.492817097397351522e-01
2.210276147912290617e+04 2.426904245955716632e-01
3.354853800034859887e+04 2.404517917216960343e-01
4.430896853362041293e+04 2.350679670743672511e-01
5.586931431507976231e+04 2.222714029868267105e-01
6.622265503467577219e+04 2.199043857905582933e-01
7.729078581261770159e+04 2.174063884935205915e-01
8.882531236505339621e+04 2.161243903853754256e-01
1.005156419487796084e+05 2.167971085669854470e-01
1.102824310517780686e+05 2.133468679067947182e-01
1.228828074393096176e+05 2.086849740200167058e-01
1.327552460318494122e+05 2.072982169947806541e-01
1.434208390598592814e+05 2.078659103763349503e-01
1.549433087691254623e+05 2.067015503046597258e-01
1.673914968682100880e+05 2.079215824083167352e-01
1.780663458857692021e+05 2.104234809437803000e-01
1.894219487270266400e+05 2.060946305916933896e-01
2.015017182559700450e+05 2.080251715551379166e-01
2.110644517735874397e+05 2.095567333720016190e-01
2.210810070904454915e+05 2.160027915068922777e-01
2.315729213773837255e+05 2.131974879326723193e-01
2.425627539018638199e+05 2.160813996786237201e-01
